15022
17499
22153
22180
22333
22583
22586
22587
22676
23240
23354
23357
23530
23582
23924
24127
24527
24850
24852
24853
24869
24937
25078
25212
25355
25435
25442
25512
25540
25728
25943
26013
26115
26130
26155
26157
26348
26645
26672
26841
27026
27027
27311
27780
33231
33281
33282
33284
33286
33287
33288
33289
33295
33893
33937
35195
35206
35210
35211
35219
35221
35222
35223
35225
35232
35337
35441
35442
35443
35444
35457
35469
35470
35472
35474
35475
35476
35477
35480
35481
35482
35487
35497
35498
35499
35522
35523
35526
35530
35544
35554
35569
35608
35610
35617
35620
35623
35625
35634
35660
35664
35674
35678
35679
35703
35705
35717
35718
35818
35820
35821
35841
35941
35942
36044
36047
36051
36063
36333
36335
36413
37153
37336
37338
37416
37670
37699
37700
37733
37848
37890
37930
37955
37956
37958
37961
37962
38068
38070
38147
38155
38157
38161
38215
38231
38317
38324
38325
38462
38498
38499
38500
38623
38632
38633
38634
38637
38706
38807
38809
38828
38849
38867
38869
38870
38877
38941
39000
39011
39116
39143
39144
39276
39277
39351
39412
39442
39456
46787
47867
47868
47958
48001
48218
48219
48279
48318
48353
48354
48356
48358
48360
48407
48422
48425
48550
48561
48578
48668
48705
48706
48876
48878
48887
49023
49103
49110
49159
49200
49201
50113
50114
50176
50177
50183
50185
50218
50248
50249
50266
50267
50268
50382
50406
50407
50427
50433
50445
50469
50503
50505
50507
50509
50514
50566
50627
50629
50630
50646
50664
50671
50683
50684
50733
50741
50748
50750
50751
50827
50846
50847
50857
50902
50903
50904
50905
50908
50909
50910
50912
50914
50919
50925
51039
51065
51121
51177
51217
51237
51371
51372
51373
51577
52214
52217
52290
52629
52726
53000
53121
53756
53784
55323
55324
59010
59107
59132
59163
59174
59517
59544
59647
59680
59740
59745
59752
59826
59886
59941
59997
60218
60258
60280
60575
60643
60649
60788
60816
60901
61026
61115
61774
61908
61950
61966
62434
62488
62608
62609
62803
62868
62887
62913
62915
63047
63054
63060
63090
63146
63175
63247
63248
63457
63490
63510
63533
63562
63726
63908
63936
63951
63962
63963
64033
64049
64102
64106
64133
64152
64154
64345
64477
64571
64577
64763
64909
64912
64915
64922
64926
64946
64964
64995
65207
65254
65256
66900
67072
67079
67105
67114
67126
67137
67239
67267
67268
68495
68509
68553
68557
68581
68844
70722
70728
70770
70774
70782
70998
71212
71338
71476
71554
71692
72716
72768
72771
73181
73189
73191
73192
73214
73240
73319
73335
73668
73966
74136
74236
74352
74440
74783
74886
74914
74925
74949
75050
75252
75325
75414
75416
75429
75495
75763
75767
75768
75771
75772
76206
76219
76395
76413
76498
76507
76617
76779
76828
76902
76924
76946
76956
76960
76964
76967
76968
76969
76971
76973
76976
76977
76988
77034
77035
77090
77108
77111
77178
77182
77318
77496
77523
77608
77746
77748
77763
77853
77881
77884
77962
77974
78017
78031
78295
78298
78361
78433
78444
78606
78675
78678
78728
78756
78760
78763
78804
78947
79046
79056
79085
79088
79091
82632
82655
82665
82756
83034
83038
83039
83056
83075
83146
83399
83612
84036
84087
84735
85094
85113
85234
86010
86029
86264
86327
86328
86385
87183
87588
87786
88048
88188
88285
90172
90365
90374
90375
90691
90713
90714
90753
90780
91016
91081
91092
91141
91189
91202
131495
131604
131611
131699
131770
131790
131794
131809
131961
132272
132608
132717
132772
133106
133190
134083
136580
136646
136984
137514
137566
137684
138090
138103
138416
138880
138887
138938
138977
139074
139109
139155
139180
139246
139339
139361
139492
139503
139566
139584
140061
140160
140165
140535
140602
140701
140982
142790
143231
143252
144064
144829
144997
145047
145814
145982
146270
148436
149497
149553
150006
156211
166831
170010
173084
173085
176497
177023
